1 0.4172911082534188 0.006384519232036649 0.09419760112222218 0.012769038464073299
1 0.5377631666471154 0.017312808443253818 0.08514171790961537 0.034625616886507636
1 0.7172993161089745 0.13176885989499848 0.11236933744391045 0.18217662961963893
1 0.6669874022380877 0.19156521541412513 0.12986766220416696 0.2113164985006426
0 0.9651442307692307 0.1466346153846154 0.06490384615384616 0.1875
0 0.9230769230769231 0.453125 0.14903846153846154 0.2283653846153846
0 0.8305588311020835 0.09011233204862751 0.12153712093707288 0.16311369755164098
0 0.16786266892478688 0.651181738887159 0.3177093926801287 0.5389826760718357
0 0.34579218012013896 0.08530674575520043 0.1338920525479702 0.17061349151040087
0 0.4435116252627137 0.10009255994134382 0.13702325052542746 0.20018511988268764
0 0.5896487190191243 0.38169375437460445 0.15016148410021385 0.2573252497492622