1 0.7613198540157585 0.052220571999061396 0.11197567658386759 0.06331361369945128
1 0.6132595149931089 0.057534352680146186 0.100404046936859 0.08219465903312297
1 0.38254321954700843 0.2035688017942333 0.12271207388290616 0.21496575573001753
1 0.4385010728907049 0.27976670726953234 0.14032229892371811 0.2491092153398002
0 0.05433730915373928 0.19271449915741795 0.10867461830747856 0.22196745985329744
0 0.09843473769759567 0.5765697399353148 0.1648643117246797 0.2714432785186108
0 0.2473143932666666 0.12265887244424437 0.13741490150737198 0.22740465517576533
0 0.9122596153846154 0.7860576923076923 0.1466346153846154 0.4230769230769231
0 0.8441945863050747 0.16047284243768478 0.144962140810577 0.2420375664371008
0 0.7202566340313032 0.16288030168219542 0.15083288578354725 0.28785053291901674
0 0.5170966243878201 0.5201955437799843 0.1632997176750002 0.3074310260468835