0 0.9698410277354166 0.02238348793117822 0.058867260638141246 0.04476697586235644
1 0.7067317741698184 0.038389571127321026 0.08139707826720101 0.07677914225464205
1 0.6033943646245727 0.042845732992583534 0.07440934036677363 0.08569146598516707
1 0.4354908196452459 0.15931991209419807 0.09006332037596164 0.15396031975141003
1 0.47403728825625013 0.21352422955165723 0.10504589870181637 0.17841844996638861
0 0.08000334945550237 0.28512629961232033 0.10744974485566255 0.1784883947458081
0 0.1970624492922544 0.14701367602596027 0.09492696282393176 0.1565040554640952
0 0.229883072976229 0.4202827449908072 0.12226447276068396 0.19573498649924823
0 0.34257806187131423 0.09467012140444712 0.10258610240769254 0.17594465903312295
0 0.8677884615384616 0.6550480769230769 0.25961538461538464 0.46875
0 0.7620222455863783 0.13298049901622172 0.10733784457510719 0.17368070243811584
0 0.675427833907639 0.1330946649214779 0.11292883884668797 0.20747443815080097
0 0.5261146463630345 0.38400033396326705 0.12282397416346177 0.21977344803770976