1 0.9130016306339491 0.3447357314057286 0.11658733981668781 0.20807339078489442
0 0.19833828544402987 0.005913400026921838 0.06494580165729051 0.00796676308573386
0 0.05789669533592108 0.4489606471869927 0.11210130636873589 0.26330590975860074
0 0.11717391550975992 0.10231814565685242 0.11415552332721216 0.20323772719482447
0 0.270796306670877 0.06564676926748082 0.10409261334175404 0.1262027651422371
0 0.36470793745589664 0.3010986636390187 0.1190890821452376 0.22492828514419505
0 0.3705699072233072 0.06921142363999769 0.10171673752353746 0.13098248616755181
0 0.5400690314050907 0.07599109135531132 0.10898421665633506 0.14068178463006925
0 0.7829553891182557 0.09564311395237272 0.09692303038366007 0.13333038975664277
0 0.5266389013968643 0.24649634058412262 0.10697195520130319 0.20796150565538396
0 0.46639750599895385 0.6339902410884586 0.12156285413815783 0.23697548719580352
0 0.39847526766256 0.7341545980022353 0.13844571788634005 0.24678667078783134
0 0.5889423076923077 0.8918269230769231 0.1346153846153846 0.21153846153846154
0 0.9316334417141303 0.8617444678181061 0.112101306368736 0.26330590975860074
0 0.8366877098659652 0.6551247416515332 0.09492475409644285 0.20301395693580368
0 0.8696361064003136 0.7408388924251695 0.1166992211592061 0.22730416001566367
0 0.9590445131489687 0.20225232525824577 0.08043175133429187 0.1908268984723072
0 0.7339780254275771 0.35346917856090454 0.12625866510333156 0.21780066052978939