1 0.9738069076531487 0.29414650917825325 0.044054110806431894 0.27427620939131303
0 0.12216259896930093 0.037972858943170006 0.12103144616363591 0.07281464300612443
0 0.2741338348308411 0.3032979791903013 0.1379999097830751 0.2916485540130132
0 0.25680595486706315 0.03635218218695246 0.12100347488125832 0.07041079685227827
0 0.4876311282010492 0.032887065989480616 0.12810312821328623 0.06083736774033806
0 0.8194038543553848 0.031211249917153298 0.11599998359692275 0.05355590343972562
0 0.4879930707413299 0.20838182038806463 0.12335306260097721 0.27233387377535523
0 0.44334987887434024 0.7394080577030279 0.1381957087597183 0.3084754770899363
0 0.36177884615384615 0.8605769230769231 0.1658653846153846 0.27403846153846156
0 0.6358173076923077 0.9663461538461539 0.15625 0.0625
0 0.939967879902592 0.7230652256260142 0.10171844721636183 0.27220800726502203
0 0.9602878450154597 0.8361718613671165 0.0587848718356625 0.30080242809050944
0 0.7786897855971348 0.32786947981602393 0.15231110157664154 0.2821170804045173