0 0.20779452002643234 0.19351580661337336 0.03916082052097868 0.06031991653119056
1 0.9009726903490866 0.6774968178491108 0.04897200411300636 0.07720278027937265
1 0.8332882277946106 0.7488088566702941 0.04656815795916021 0.07718879511155799
0 0.885179020589507 0.559792267317538 0.06342305231846104 0.07969053744010779
0 0.9547926595627239 0.5509732359124475 0.046484244112027485 0.06997725665001954
0 0.9531406697718169 0.2024015584369403 0.04394054154629337 0.05794404071297405
0 0.9547341908020264 0.23604841200687907 0.03913284923860079 0.057916070377344406
0 0.8429570287788083 0.4434434767088511 0.04408039795818133 0.06996327148220474
0 0.8885322062135637 0.4347642969819085 0.046484244112027485 0.06997725665001954
0 0.7616021877295088 0.26962614109289323 0.03667306051999967 0.05309439290183731
0 0.7862700031214664 0.3235728278762838 0.0391887918033563 0.06272376268503671
1 0.8838215713288791 0.3398333516567075 0.04405242667580357 0.06755942532835874
1 0.7990715877319563 0.2874382171456101 0.039160820520978544 0.06031991653119056
1 0.7358591620966413 0.32987613178500985 0.04159263795720246 0.0627377478528515
1 0.6922822472212568 0.3036855571133685 0.041564666674824696 0.06033390169900542
1 0.64254187490818 0.26430879151511033 0.03927270565048902 0.06993530114657517
0 0.7325759046785285 0.46091371750525484 0.04651221539440524 0.07238110280386569
0 0.6370645559540533 0.4133892085570162 0.05137585026685251 0.07721676544718771
0 0.6096012964549631 0.3258026607875944 0.046484244112027485 0.06997725665001954
0 0.6709265025951034 0.2244775079628712 0.04159263795720246 0.0627377478528515
0 0.7471223261763626 0.16152998259279772 0.03421327180139828 0.04827271542633022
0 0.7082831754027263 0.12930182220091138 0.034269214366153516 0.053080407734022526
0 0.6874029425769924 0.09095915766579867 0.03186536821230736 0.05306642256620774
0 0.6372569866694404 0.016726622836771236 0.03636537641384599 0.02665208520952964
0 0.644818166160699 0.046732744256403766 0.03180942564755212 0.04825873025851543
0 0.5992569743671325 0.05661384706026952 0.034269214366153516 0.053080407734022526
1 0.5794676215541251 0.11202118252515683 0.034241243083775894 0.050676561580176374
0 0.5807123436199286 0.21899233637131063 0.03913284923860106 0.057916070377344406
0 0.5468618564241252 0.09898882844450273 0.03667306051999967 0.053094392901837345
0 0.565407329236643 0.03998271633275359 0.034241243083775894 0.050676561580176374
0 0.524150346667972 0.008132956827016187 0.029069924105174803 0.016265913654032373
0 0.49822550769965 0.051191608723875584 0.03175348308279688 0.043451037950823126
0 0.4562281282132864 0.05744596454524991 0.02923775179944025 0.03382166816762373
0 0.4631188389927964 0.13313215547186677 0.036645089237622046 0.05069054674799116
0 0.5408267959530744 0.4067370768080696 0.053863610267831666 0.08444228907654096
0 0.3806074000513962 0.3764170904677536 0.04410836924055909 0.07236711763605104
0 0.37627437747880926 0.31393806821947573 0.041676551804335174 0.06994928631438996
0 0.4464046431106977 0.24621781346124696 0.041620609239579935 0.06514159400669772
0 0.49815810568964813 0.3552991249371363 0.05375172513832119 0.07482690446115633
0 0.46625162261908837 0.40236292470263596 0.04897200411300663 0.07720278027937291
0 0.4026475990304869 0.41114699318818965 0.05143179283160789 0.08202445775487988
0 0.24516770467118623 0.4096591755262126 0.0465122153944051 0.07238110280386569
0 0.3185829118518156 0.41764608944632287 0.05635137026881054 0.0916678127058942
0 0.29205584824706105 0.3072160106314552 0.0417045230867128 0.07235313246823612
1 0.28784785437985916 0.15218191887619306 0.03672900308475491 0.05790208520952962
1 0.2537744389903489 0.1163200189179079 0.03429718564853113 0.05548425388786868
0 0.41843705846349644 0.013255315410541415 0.033989501542377454 0.02651063082108283
0 0.41691430770454485 0.08772479673727097 0.034269214366153516 0.053080407734022526
0 0.38263110769720254 0.03383405062513966 0.034269214366153516 0.05308040773402253
0 0.30361186872643314 0.06073786885533564 0.036701031802377285 0.05549823905568348
0 0.30983211079419465 0.18210412928893682 0.03913284923860106 0.057916070377344475
0 0.2648706174411186 0.036923170001910845 0.0317814543651745 0.04585488410466928
0 0.2325725364172724 0.05033312361356445 0.03667306051999967 0.05309439290183733
0 0.2170734071879716 0.06124133489666832 0.034241243083775894 0.05067656158017639
0 0.18840906667727222 0.07703415691044588 0.034241243083775894 0.050676561580176374
0 0.040977269744895045 0.009510495856773642 0.009839154874405471 0.019020991713547285
0 0.08567219385006974 0.02834968038872857 0.03429718564853113 0.05548425388786869
0 0.11007428205944018 0.05945982871058061 0.034129357954265485 0.04106117696479177
1 0.17687933334964961 0.11917139044182755 0.03175348308279695 0.043451037950823126
1 0.055889844109580096 0.05136103344795199 0.02934963692895078 0.04343705278300832
0 0.07014593540370542 0.1402264227172783 0.03672900308475487 0.057902085209529656
0 0.12646933439013844 0.22884707154984565 0.04164858052195763 0.06754544016054381
0 0.03604539079713158 0.205333053804439 0.031949282059440184 0.0602779610277462
0 0.03568260619153673 0.27745543100373105 0.036840888214265316 0.06751746982491423
0 0.07450777132398409 0.3084816683186942 0.05129193641971986 0.07000522698564911
0 0.15882504210936796 0.4269895646444684 0.05375172513832119 0.07482690446115633
0 0.21081541852321395 0.453131191228758 0.05389158155020928 0.0868461352303871
0 0.17885299288789902 0.4953872986865654 0.053919552832586905 0.08924998138423326
0 0.6046554318660107 0.5205561547525772 0.06353493744797152 0.0893059220554924
0 0.5296886605787383 0.48252815649329744 0.05623948513930006 0.08205242809050958
0 0.4470077098124444 0.5046452601675233 0.06359088001272675 0.09411361436318472
0 0.49034771085293316 0.6137755197307644 0.05872724514027921 0.08927795171986283
0 0.3191851364882482 0.5727011589533072 0.06605066873132802 0.09893529183869194
0 0.4645067857317441 0.6656120488844195 0.0684545148851743 0.09894927700650687
0 0.9315250924202746 0.8239636112199487 0.08296150565538395 0.10624472647493377
0 0.1678826852078285 0.5856014552948702 0.061159062576502915 0.09169578304152363
0 0.2005583785437724 0.6046434247601397 0.06605066873132802 0.0989352918386918
0 0.23559848730593824 0.9301827714247012 0.07572199591146787 0.10379892481764312
0 0.2984053293467779 0.8528890875545321 0.07340206360475457 0.11099647811136694
0 0.3574262729520219 0.9667361358346693 0.0750786564167829 0.048510463279181855
0 0.4698056596116726 0.9143961406396814 0.05148773539636313 0.08683215006257246
0 0.5781169088160095 0.7190412844586624 0.06347899488321627 0.0844982297478001
0 0.6903564390637721 0.6546820584944439 0.05626745642167782 0.0844562742443556
0 0.7149962831733523 0.7062248991239883 0.06842654360279656 0.09654543085266044
0 0.567146601135939 0.8092554410669671 0.05389158155020928 0.0868461352303871
0 0.5371404811364285 0.8130360248954214 0.05886710155216717 0.1012971824890936
0 0.627159683200274 0.9050666506093509 0.07334612103999934 0.10618878580367462