0 0.28433681903058533 0.19356920079729145 0.03278878514722919 0.05343008616362221
1 0.9269572677988394 0.603621976142621 0.04035004750586506 0.06557519480493144
1 0.871188441540568 0.6687207223967623 0.037946201352018906 0.06553323551423855
0 0.9047188730530311 0.49992091720169374 0.05243922305451539 0.06818883741224177
0 0.9645002753917973 0.4901525917767069 0.040210157947026204 0.06076750249723913
0 0.9434581680774498 0.17984664147708887 0.03505274174223635 0.04866435314662272
0 0.9467712963637496 0.21113860076778168 0.030314994213963605 0.05098428071908323
0 0.8608808353123174 0.39704414772145413 0.0354024656393339 0.06068358391585349
0 0.9002994901228107 0.3893230144794243 0.04021015794702593 0.06076750249723913
0 0.778384286598598 0.2454400861585525 0.03257895080897063 0.046218547702083744
0 0.802584748258817 0.2927136994201344 0.03278878514722932 0.05343008616362221
1 0.8906398843815894 0.30506252122273037 0.035332520859914604 0.05827973776200734
1 0.8124228290392514 0.259248670074406 0.030384938993383168 0.05338812687292938
1 0.7595603242175545 0.300371893726125 0.03278878514722932 0.05343008616362214
1 0.7180654365873943 0.2780239703997315 0.03519263130107548 0.053472045454315026
1 0.6738169789062903 0.24361485701341434 0.030594773331641588 0.060599665334467846
0 0.7641545690963236 0.41697941183300985 0.040210157947026204 0.06076750249723913
0 0.6764620186974403 0.3758054158296064 0.040419992285284624 0.06797904095877759
0 0.6478164504534181 0.29962270978583144 0.03780631179318005 0.060725543206546315
0 0.6944373949893229 0.20913672139888062 0.03278878514722932 0.05343008616362221
0 0.757627594047391 0.15137539147835627 0.02770131372185876 0.04373078296685188
0 0.7231693829302206 0.12314373063942588 0.030175104655124477 0.04617658841139089
0 0.7017574637106551 0.08913323051469066 0.02777125850127832 0.046134629120698066
0 0.6530289270560381 0.02461310126925739 0.027071810707083224 0.02209616758223652
0 0.6622117811681143 0.05120226647898999 0.02770131372185876 0.043730782966851914
0 0.6216961204498272 0.06250818930644263 0.02777125850127832 0.046134629120698066
1 0.6086719391151404 0.11033335663920872 0.027701313721858894 0.043730782966851914
0 0.61507549952269 0.2065501417290941 0.03271884036780976 0.051026240009775986
0 0.5783440830743855 0.10019348089016374 0.030175104655124477 0.04617658841139089
0 0.5912283748502332 0.04756062124970533 0.02770131372185876 0.043730782966851914
0 0.5519624714253704 0.019245041829389267 0.024528074994398078 0.017246515983851383
0 0.5326838679781 0.058551849396961744 0.02515757800917375 0.038881131368466784
0 0.4956340869317431 0.06511301885276133 0.024877798891495627 0.02926574675308217
0 0.5060060022939509 0.13256756867787856 0.03250900602955106 0.04381470154823759
0 0.5922924309231152 0.37313491757843426 0.04536757415181606 0.07287065184785554
0 0.44863408175449343 0.34900372439759547 0.0354024656393339 0.06068358391585349
0 0.4422876042995719 0.29603519043159443 0.03299861948548774 0.0606416246251606
0 0.4993282984141857 0.2333612699766457 0.035262576080494906 0.055875891608161185
0 0.5525718864320256 0.3291943381581182 0.045087795034138074 0.06325526723247094
0 0.5261167169129265 0.36957719093053526 0.040350047505865336 0.06557519480493144
0 0.4699410838049296 0.3794084552915615 0.04289378321855034 0.07042484640331664
0 0.3318947919073245 0.3830054114613391 0.04028010272644577 0.06317134865108529
0 0.39814045069693277 0.38896698426308424 0.04798125464392077 0.0801241496000869
0 0.3664615332842888 0.291107703544001 0.0354024656393339 0.06068358391585349
1 0.35289426863170187 0.15512255868892202 0.030314994213963605 0.05098428071908323
1 0.3219369095761714 0.1233480675552616 0.027841203280697887 0.048538475274544184
0 0.4583873333739191 0.023618244876984256 0.032159282132453657 0.0317954707790068
0 0.4628195781309311 0.09337174262921555 0.030175104655124477 0.04617658841139089
0 0.42903870424503726 0.04713221528178541 0.030175104655124477 0.04617658841139089
0 0.36009655835711346 0.072357703544001 0.03024504943454404 0.04858043456523704
0 0.37522833181051235 0.17953865384361903 0.030314994213963605 0.05098428071908323
0 0.3655245049434544 0.011185504493002579 0.02912593296383183 0.010118896103698585
0 0.3258831539679112 0.052539504243532154 0.02515757800917375 0.03888113136846676
0 0.29742169640856464 0.06525714660137204 0.030175104655124477 0.04617658841139089
0 0.2845152940697986 0.07584367819486916 0.027701313721858894 0.043730782966851914
0 0.21885491716912928 0.007424064683816827 0.029055988184412403 0.007715049949852431
0 0.26089650120785407 0.08984716221101777 0.03010515987570505 0.04377274225754473
0 0.11474225054304837 0.02122383553867869 0.027561424163019835 0.0389230906591596
0 0.166027384737142 0.0497492114124589 0.027841203280697887 0.04853847527454422
0 0.18963331577229503 0.07659013236634848 0.027491479383600338 0.03651924450531345
1 0.253567183750395 0.12695992007820825 0.027561424163019835 0.0389230906591596
1 0.14141650313653292 0.07094325424479957 0.025087633229754183 0.03647728521462063
1 0.01958049312786678 0.012354905094773414 0.01993021702496433 0.024374135864004186
0 0.04870642609169866 0.022473801198471997 0.030105159875705015 0.043772742257544746
0 0.08539362141416655 0.04473780594347984 0.032648895588390195 0.04862239385592988
0 0.11120281300103417 0.14729988074352326 0.03024504943454404 0.04858043456523704
0 0.1605166315445901 0.14936196927964937 0.03024504943454404 0.04858043456523704
0 0.21560450748092003 0.2260062275210455 0.03533252085991433 0.05827973776200734
0 0.12977835556344497 0.20768974962452694 0.03271884036780969 0.051026240009775986
0 0.05393017398524353 0.16071593468997225 0.030454883772802564 0.055791973026775535
0 0.02748786629293584 0.16025438249235113 0.030384938993383057 0.05338812687292938
0 0.07482675609528956 0.25958832167786083 0.02522752278859321 0.04128497752231297
0 0.10871254715031259 0.3094336182560602 0.04014021316760671 0.05836365634339298
0 0.1352376614488312 0.2714546116374893 0.03519263130107534 0.053472045454315026
0 0.17443362009427452 0.2973663449039592 0.042614004100872356 0.06080946178793202
0 0.059433700996466436 0.30857345279685716 0.040280102726445714 0.06317134865108529
0 0.07010750603927061 0.4276897152843203 0.04289378321855039 0.07042484640331664
0 0.08922049627411918 0.4652640253491319 0.04784136508508171 0.07531645729239446
0 0.25549630082989394 0.39969156031301456 0.0451577398135575 0.06565911338631708
0 0.3030008038446695 0.4221443818661402 0.04543751893123556 0.0752744980017017
0 0.2777125850127837 0.4613462912069806 0.045507463710655054 0.07767834415554785
0 0.6552213483357592 0.4715396690765243 0.05271900217219365 0.0778042220276264
0 0.5870743186750327 0.44151865509097116 0.04770147552624265 0.07050876498470228
0 0.5167903601513467 0.461915471400148 0.052788946951612944 0.08020806818147254
0 0.5592516128665886 0.5587616458504259 0.05031515601834736 0.0777622627369335
0 0.10194278792820953 0.3657771453540199 0.0402801027264457 0.06317134865108529
0 0.4081369185084602 0.526091113259047 0.05533268266429822 0.0850577197798576
0 0.5413497944447901 0.6040990484479601 0.05773652881814438 0.08509967907055063
0 0.9631162641849963 0.7315922727208204 0.069895649146214 0.09011716783170698
0 0.08574016423953096 0.9649493306689357 0.06898636701376056 0.05886716783170698
0 0.2728092242720891 0.5405473364118252 0.05271900217219351 0.0778042220276264
0 0.30334691465110253 0.5578987506224087 0.05533268266429822 0.0850577197798576
0 0.040733153256805946 0.5328924956291978 0.04798125464392074 0.0801241496000869
0 0.046647100208418994 0.6122823576421601 0.06069993320734658 0.10437240759201262
0 0.04726012830573867 0.7984965159838514 0.05087471425370345 0.09699303196770287
0 0.08373748928994804 0.8135489822673208 0.06564751507387794 0.10926401848109044
0 0.24945937125582912 0.9353716190044714 0.07059509694040923 0.11415562937016852
0 0.35511443611980376 0.8507213255471874 0.06303383458177336 0.10201052072885922
0 0.40572584617328505 0.7735194299424296 0.06049009886908808 0.09716086913047416
0 0.4658883317081939 0.9007073963506342 0.06529779117678039 0.09724478771185993
0 0.5598039449206158 0.8254626910552705 0.04303367277738947 0.07523253871100895
0 0.6129807692307693 0.9579326923076923 0.07692307692307693 0.07932692307692307
0 0.7824519230769231 0.9723557692307693 0.06971153846153846 0.05048076923076923
0 0.6447372896230932 0.6479496259947132 0.054982958767200676 0.07303848901062683
0 0.7403094669786648 0.588350900344696 0.04777142030566221 0.0729126111385483
0 0.7644749562491739 0.6344225905293547 0.057666584038724815 0.08269583291670447
0 0.641105796738741 0.7295754969987504 0.045437518931235626 0.0752744980017017
0 0.6135664831386395 0.732698734386552 0.05059493513602548 0.08737764735231825
0 0.6987374083877561 0.8110694068385317 0.0627540554640951 0.0923951361134746