0 0.05541349024384674 0.0915620335917954 0.04654018667678276 0.07531645729239456
1 0.9640771117123115 0.5912215234831734 0.05400346667971963 0.09707695054908837
1 0.892016827596368 0.6910170148663042 0.05397549539734187 0.09467310439524222
0 0.936909234808814 0.4474942657407181 0.075638082064335 0.09745458416532397
0 0.9696582246119583 0.0168904857675113 0.027029704622237298 0.0337809715350226
0 0.9753321846080423 0.03721827984847153 0.015290186676782998 0.07443655969694306
0 0.8724257999559462 0.3092250693116939 0.05148773539636299 0.087419606643011
0 0.929111983547974 0.2914121029034894 0.0562954277040553 0.08750352522439665
0 0.7534510851123783 0.10341132118398962 0.04405242667580385 0.06806295954016324
0 0.7887535527958752 0.1676857779774433 0.04656815795916021 0.07772030344624067
1 0.9136556533075536 0.17391735639987765 0.05143179283160803 0.0826119143353187
1 0.8025201466483924 0.12058000187863273 0.046540186676782724 0.07531645729239456
1 0.7272876481785325 0.1831788168131874 0.04897200411300636 0.0777622627369335
1 0.6687150871566444 0.156562588665931 0.05134787898447503 0.07540037587378023
1 0.6043007384444065 0.11562818182232973 0.046680043088670825 0.0873356880616253
0 0.7373908461048975 0.3476324818981848 0.0562954277040553 0.08750352522439665
0 0.6129502717524495 0.3017374419372889 0.05881115898741193 0.09716086913047409
0 0.5709117774078335 0.1967234784005291 0.05389158155020915 0.08746156593370383
0 0.6361661066567137 0.06219809565870755 0.04897200411300663 0.07776226273693353
0 0.725849653332028 0.003468348528884913 0.043493001028251724 0.006936697057769826
0 0.5231433805023781 0.06777595155203982 0.04651221539440524 0.0729126111385484
0 0.4939179302134985 0.30742019605735327 0.0637027651422371 0.10445632617339826
0 0.28981477739559625 0.29175596653547464 0.05148773539636313 0.087419606643011
0 0.2798785650981832 0.2162236294974385 0.04908388924251698 0.08737764735231811
0 0.35909444511090993 0.12110995254992153 0.048999975395384116 0.08016610889077971
0 0.43449308714440715 0.25077687063236637 0.063562908730349 0.09243709540416742
0 0.39893803585419774 0.3114814341935662 0.056379341551188296 0.0947150636859351
0 0.3205892655951769 0.3320758803718525 0.06127094770601333 0.10201052072885922
0 0.12446601943888334 0.35352440871716434 0.05632339898643302 0.0899073713782428
0 0.21820203379769454 0.353089919457067 0.06621849642559373 0.11411367007947562
0 0.1716915025339175 0.219313720655539 0.04908388924251698 0.08737764735231811
1 0.1497788584561541 0.03704100587015962 0.04391257026391575 0.05604372877093249
0 0.1819510687093011 0.06051301698426795 0.0465122153944051 0.0729126111385484
1 0.016743009229790252 0.023744746503611726 0.033486018459580505 0.019818199300468856
0 0.02686019279734372 0.3889195654347629 0.05372038559468744 0.09716086913047416
0 0.08533317020028229 0.4118880650605573 0.06375870770699234 0.10926401848109044
0 0.04860416711552741 0.47020976211325743 0.06619052514321609 0.11170982392562961
0 0.5837116778876952 0.4392392045494873 0.07577793847622297 0.10947381493455474
0 0.4855875404568557 0.40369992008327793 0.06607864001370564 0.10209443931024499
0 0.3853943701953874 0.4427008460316457 0.07586185232335597 0.1166853533960932
0 0.4499757045365771 0.5725565809222084 0.06859437129706226 0.11175178321632237
0 0.2339652060789545 0.5474867632384093 0.07834961232433492 0.12393885114832442
0 0.42395212401461946 0.6403048457821754 0.08072548719580351 0.12157696428517102
0 0.9787642316873476 0.7748220392175542 0.020769189761537632 0.13254721278708104
0 0.04488567068993372 0.5832324906347195 0.07340206360475456 0.11183570179770787
0 0.0891050829946891 0.6040908591415175 0.07834961232433492 0.12393885114832442
0 0.16538229422713893 0.9680698382879231 0.08955767590461505 0.054437109140250274
0 0.2358910142364392 0.8983434034732156 0.08572897848013902 0.13848780594347987
0 0.4552835116658101 0.9425810514517446 0.06359088001272675 0.09484094155801379
0 0.5711872799050393 0.6894070417122585 0.07572199591146801 0.10466612262686244
0 0.7044757127381158 0.594551203801076 0.06851045744992927 0.1045402447547839
0 0.7410220604221021 0.6551989117184139 0.08069751591342576 0.11917311813132486
0 0.566238889120145 0.8048545960329132 0.06373073642461471 0.10686017232724455
0 0.5276794511702849 0.8139394062224601 0.07113807386279639 0.12381297327624588
0 0.6490868255153904 0.9139629439355872 0.08807688206922994 0.13372207292648033