0 0.4724699351360254 0.09474150286890995 0.1228244856566662 0.1751329283208718
1 0.3735701771314959 0.6179888211763852 0.15778155896590024 0.30308224525372485
0 0.8225571638548199 0.07081948238698631 0.09703740463271679 0.11461718156778963
0 0.06424139330415873 0.3086573713782428 0.11645228454816187 0.20385320429494713
1 0.23206884483395412 0.2551251167567028 0.11582278153338631 0.18221858891033177
1 0.012762899689262539 0.10834091408584824 0.02328756643710078 0.13975875124861956
1 0.11703756643710078 0.14139516358563997 0.10091009115437277 0.1651399100892517
1 0.23126809296129427 0.1037457480004343 0.10996591753440135 0.14607697802125377
1 0.4093589295935036 0.2377974119602799 0.11568289197454718 0.17741089660263945
1 0.3454857576586963 0.10694073738526685 0.11794684856955448 0.17264516358563997
1 0.8917662270336304 0.09605378371019352 0.10564783868264545 0.1628199825167912
1 0.7427977102745884 0.09585615384108417 0.10578772824148458 0.1676276748244835
1 0.6615071297473881 0.6049950899056786 0.19199496335510238 0.3229004445541936
1 0.7919386894243936 0.4222696359836697 0.13983551941826497 0.2643269917573364
1 0.9302884615384616 0.4254807692307692 0.1346153846153846 0.27884615384615385
0 0.2841217810657958 0.7641889473009033 0.15432854112076144 0.26698259365533955
0 0.1869609617916957 0.4801845304683454 0.14237925513095018 0.26917664335572167
0 0.5048925214687011 0.30073190122037724 0.1447831012847964 0.2692186026464144
0 0.31796132844018415 0.39958057879410513 0.15432854112076144 0.26698259365533955
0 0.8305288461538461 0.796875 0.22355769230769232 0.4014423076923077