0 0.5216346153846154 0.08639780850516415 0.1201923076923077 0.1727956170103283
1 0.38461538461538464 0.6323777577650171 0.1466346153846154 0.3157569413905488
0 0.8942307692307693 0.060031617880688413 0.09134615384615384 0.12006323576137683
0 0.07091346153846154 0.3000682067802327 0.1201923076923077 0.20743002762150908
1 0.25841346153846156 0.24969851753683245 0.11057692307692307 0.18573947156563447
1 0.02283653846153846 0.0900113716749902 0.04567307692307692 0.14690033357309654
1 0.14543269230769232 0.12655774350105098 0.09375 0.171218498467854
1 0.26802884615384615 0.08858488455788095 0.10817307692307693 0.1496677940901274
1 0.44711538461538464 0.23297568186337092 0.11057692307692307 0.18093177925794218
1 0.3870192307692308 0.09390223413566391 0.11298076923076923 0.17854191827191082
1 0.9507211538461539 0.08868897196134252 0.07451923076923077 0.17737794392268505
1 0.8076923076923077 0.08673964376147723 0.10096153846153846 0.17347928752295447
1 0.6887019230769231 0.623397095574907 0.18269230769230768 0.3327936419846938
1 0.8389423076923077 0.43141725335571296 0.12980769230769232 0.2747936606004605
1 0.9603365384615384 0.4379225408426042 0.07451923076923077 0.28649123250995107
0 0.2776442307692308 0.7880481746558525 0.14423076923076922 0.27487757160734927
0 0.19471153846153846 0.48564604756084767 0.13221153846153846 0.27721149192212136
0 0.5432692307692307 0.3009258905353945 0.1346153846153846 0.2796293232437824
0 0.3401442307692308 0.40186725260036016 0.1466346153846154 0.2748915567751642
0 0.8521634615384616 0.8027345657019622 0.2091346153846154 0.3641974788306563