0 0.7998382718013983 0.05272699137534291 0.060711522058461205 0.05323424457998531
0 0.4344676420579718 0.051803168944416916 0.0900891302697897 0.09907514351683978
0 0.2803138041056642 0.02446581051196225 0.06543530051902072 0.04605067645407643
0 0.06992637547125476 0.6385847682093385 0.1291677210742635 0.35890030564944636
0 0.19156982158594188 0.3508504584741695 0.14755935183370447 0.28689680237658
0 0.390347813372166 0.28830930432587454 0.13296844721636183 0.2723898144466145
0 0.41354966263524146 0.5264089474830695 0.1549946605542639 0.30616952711079376
0 0.5681345292684598 0.28093074520570793 0.147447466704194 0.27728141776119547
0 0.826435263612097 0.16946037409893672 0.10093525130978903 0.20490031495732972
0 0.8997797005214682 0.06893237583965697 0.08248599385496455 0.06537934185954924
1 0.7262840502741951 0.13522614348077655 0.08363281643244655 0.16393703416724154