0 0.18249533518084057 0.04593711997503612 0.040629826623543246 0.0749667712872725
0 0.41892445743758916 0.05520117943007256 0.05334850518696918 0.09914508923762207
0 0.5773206350366756 0.024385576372239513 0.03766642223434106 0.048771152744479025
0 0.5214376428731483 0.04199316915979348 0.038016146131438604 0.06772726154335641
0 0.7203623430173133 0.06448175072223992 0.06408300627306573 0.12896350144447985
0 0.7515202876749754 0.10419778656420052 0.064362785390744 0.14733389744405556
0 0.81614594524701 0.567231027579236 0.14004535375652366 0.27076918976153763
0 0.6412689553774336 0.46593551785979426 0.1002548644860143 0.22464857232041907
0 0.5625900327875399 0.27941451274301055 0.08945041862049817 0.18367130257552397
0 0.4353831591451609 0.23283405327328946 0.07955525488743544 0.17394403283062887
0 0.4105089733443297 0.38571603994272985 0.09460783482528803 0.19574647590950997
0 0.32151521834485636 0.22334538149391817 0.08924058428223962 0.1764597641139855
0 0.1592648516963679 0.14232872202909191 0.05906547962711501 0.1304510318023773
0 0.11741662707844565 0.05270195998384689 0.05278894695161304 0.07991432000685283
1 0.22586023438307373 0.12473258868678465 0.05108454859196202 0.10392481026293678