0 0.7929115844917203 0.3081918419027095 0.03550020078301285 0.07991435314662272
0 0.9567637689961541 0.2762102840843992 0.05070657966997881 0.1138199550446258
0 0.9122646400798613 0.27423211412965875 0.05076252981025675 0.11622380119847196
0 0.837129957767575 0.24648906842587326 0.06060171498675233 0.12600702297662794
0 0.7285932049326925 0.2289759003446959 0.05109823065192332 0.13064687812154888
0 0.6755966892675216 0.2232451036417613 0.055961873099893304 0.13313464285678075
0 0.540644598871421 0.15481059377753997 0.07575214373344033 0.15750877872078492
0 0.42702040302745736 0.12519427634574615 0.08598297989188043 0.18411892357586396
0 0.38828313362072675 0.31915054757481365 0.05305447568354715 0.11145806818147254
0 0.2767840381682695 0.3292186713268278 0.06015411386453 0.10677625374585877
0 0.032093271860363454 0.24325001373608268 0.05557022211794881 0.11630771977985767
0 0.1320456979188035 0.09841964785125902 0.09067877191901726 0.17939514984955732