0 0.780769399112393 0.28800674882482025 0.03801594721741462 0.08455418462027947
0 0.952393628420192 0.24912732525824577 0.055682122398504404 0.12080767590461505
0 0.905518628420192 0.24858188525188246 0.055682122398504404 0.12080767590461505
0 0.8280090799632477 0.22123051088230247 0.06557725771527792 0.1329387918033563
0 0.7165379595809294 0.20670869240558992 0.05361397708632482 0.13520278154531434
0 0.6613613983230233 0.20125766060321262 0.0609374158284189 0.14009438770013952
0 0.521101079173878 0.13229966263524148 0.08078363660224373 0.16676046565146804
0 0.4039280691784721 0.10448676210643101 0.09107042290096164 0.19571850462713233
0 0.3571049995625532 0.308324187741746 0.05803001841207275 0.11843180103314652
0 0.240182760259348 0.3213906574695089 0.06507370645277785 0.11130417641874092
0 0.00877512757216873 0.23690471692454537 0.01755025514433746 0.12284789538755228
0 0.09640361190699778 0.09369489950055881 0.09777841010000013 0.17416780308964977