1 0.7204055538334404 0.3376204083018836 0.09179777472457272 0.22696850462713236
1 0.3340247249821582 0.10241772927580212 0.07066470072435913 0.14501396513734224
0 0.27403846153846156 0.8088942307692307 0.21634615384615385 0.37740384615384615
0 0.3557762653425751 0.36582069645741044 0.11097460369316263 0.32812584206531403
0 0.05711287073178451 0.388780579493706 0.09973666500972243 0.2583024184742652
0 0.07885436170170952 0.13549648001027925 0.08117528758418818 0.18358738872839112
0 0.23094411576340843 0.37157772823531326 0.10644465220876088 0.23675171693678257
0 0.4625795687678955 0.3598538800616755 0.15765478314123954 0.3719265271997193
0 0.6022004810600431 0.4732270893110453 0.12450247837179518 0.28983213129804114
0 0.7605765863905988 0.5663913765117436 0.14261625467510713 0.3453163918131459
0 0.9182692307692307 0.6875 0.15865384615384615 0.5144230769230769