0 0.6691189866204916 0.32055969253176814 0.029517464623216447 0.05853164504534178
0 0.9746312184179741 0.2924459363147212 0.02739333129314649 0.0825001618043839
0 0.5462151486681841 0.3505691839744708 0.02473774359790162 0.060795601640348945
0 0.9508016994320305 0.37844695018074503 0.06867828514419526 0.1197469153622077
0 0.874563918927205 0.32179095235293853 0.029573407187971686 0.06333933735303408
0 0.727049050213009 0.2984483255180076 0.032061167188950565 0.07062082059399212
0 0.6679162214782545 0.4239250771471527 0.0688461128384607 0.13416999228528476
0 0.9196207855726605 0.47667702915425814 0.0881048533516077 0.137133396674487
0 0.795935435844408 0.3673333884533034 0.10806287592419449 0.20019295490984299
0 0.35344593020126125 0.39582822786649313 0.041816408216223136 0.08291983048090087
0 0.31524927685699605 0.4774412181013417 0.06893002668559343 0.14138153074682308
0 0.4152886050653875 0.45050004821697043 0.07122198770992924 0.13183609091085804
0 0.5973384153283242 0.3971422942938745 0.07902092310139744 0.18252669447988595
0 0.5364022809455282 0.5743367106204217 0.11317825233804048 0.2267751521609898
0 0.05786822657056386 0.7060092108736558 0.08732334157566263 0.2764865288181444
0 0.14327553530336037 0.5941861435939729 0.19974636928950776 0.438357834825288