1 0.6935096153846154 0.35654220216235427 0.09134615384615384 0.24091605176157765
1 0.2848557692307692 0.11132352684471584 0.07211538461538461 0.15426570888059776
0 0.20192307692307693 0.8329598612881726 0.21875 0.3281957271942234
0 0.3004807692307692 0.39368454633084277 0.11057692307692307 0.35160485618101905
0 0.015625 0.4229860194861269 0.028846153846153848 0.2742062835522391
0 0.026442307692307692 0.1536923170001911 0.05048076923076923 0.19740907313949532
0 0.16706730769230768 0.40287418468302544 0.10576923076923077 0.2530191935376973
0 0.41586538461538464 0.3858017198141941 0.15865384615384615 0.3999614826142381
0 0.5625 0.503939009192876 0.125 0.30841953641867714
0 0.7295673076923077 0.6015247323374401 0.14423076923076922 0.3686275716073494
0 0.9074519230769231 0.7218840606883759 0.18028846153846154 0.5419142722014942