0 0.3153078133101764 0.34375 0.029181797873708986 0.057692307692307696
0 0.008734319043052436 0.3449519230769231 0.01746863808610487 0.08413461538461539
0 0.4414118402123959 0.3605769230769231 0.021998229747800097 0.0625
0 0.03256999564819943 0.43149038461538464 0.06513999129639886 0.11778846153846154
0 0.10724226190824353 0.36658653846153844 0.026805922055492405 0.0625
0 0.254107632561803 0.3269230769230769 0.029251723712782916 0.06971153846153846
0 0.3219040043878639 0.4495192307692308 0.06326918422981379 0.13221153846153846
0 0.06903864769612938 0.5288461538461539 0.08493176995005879 0.13701923076923078
0 0.1899581841148065 0.40384615384615385 0.1021223073901666 0.19951923076923078
0 0.6395683184748334 0.38822115384615385 0.038937034167241466 0.08173076923076923
0 0.6847868774439294 0.46634615384615385 0.0657149858871043 0.13942307692307693
0 0.5803104733424179 0.45072115384615385 0.06565904521584515 0.12980769230769232
0 0.39302025085963993 0.41466346153846156 0.07317825736930918 0.18269230769230768
0 0.46412171080845177 0.5889423076923077 0.10466600522216069 0.22355769230769232
0 0.956413698889488 0.6742788461538461 0.07615549540356198 0.28125
0 0.8656758998432779 0.5697115384615384 0.18762746922063192 0.43509615384615385