0 0.3626400436938566 0.28357306210243316 0.037736196516025715 0.07316455630667726
0 0.5218803613815702 0.3146666976261382 0.03063655833504287 0.07776241427611101
0 0.021198489449839618 0.37212865095313563 0.042396978899679236 0.1528412032806979
0 0.09659541764177325 0.29387301013042355 0.035500200783012886 0.08030614998879623
0 0.2874783912504805 0.2573313400122571 0.040475743511538584 0.08765757800917368
0 0.3643425032161321 0.4171264131997337 0.08570322919049153 0.17305119942334019
0 0.0481288534610041 0.49793301591645994 0.0962577069220082 0.1785583395252276
0 0.1987298991710467 0.34976525103007783 0.13562650689658143 0.2537770180886535
0 0.7720751819334933 0.3652451578447078 0.05294257540299167 0.10723807113704052
0 0.8213799932793798 0.46891243214068873 0.08587107961132509 0.18026273788487865
0 0.6909578543676813 0.43986005704694087 0.08799517506378206 0.16831345189506747
0 0.455465861440224 0.37768203473565765 0.09671736731282064 0.23342713238717216
0 0.5355430867156512 0.6061266128665886 0.13881365501431647 0.2875008090219192
0 0.9563560389894226 0.6123573338803875 0.06815699380235102 0.554493345311264