0 0.7355769230769231 0.30024925634852373 0.0673076923076923 0.10772768459297707
0 0.030048076923076924 0.4696243097427439 0.06009615384615385 0.0930947733316416
0 0.051682692307692304 0.35847496660367323 0.04567307692307692 0.08305972003973985
0 0.21995192307692307 0.4330826396245774 0.04807692307692308 0.07832197251146712
0 0.06850961538461539 0.43708958005960985 0.06009615384615385 0.10992169640856467
0 0.2764423076923077 0.4299186496332436 0.06009615384615385 0.1243447733316416
0 0.14423076923076922 0.32390822522670903 0.14182692307692307 0.23729981890882795
0 0.48197115384615385 0.16426431288899626 0.11778846153846154 0.2125619095761713
0 0.7427884615384616 0.39180524453293614 0.07211538461538461 0.12950218953643144
0 0.8569711538461539 0.3470506984784397 0.125 0.26565635929904524
0 0.9447115384615384 0.46859406754263644 0.09375 0.13734323101274543
0 0.9555288461538461 0.3078511267423319 0.07932692307692307 0.14894279310545924