0 0.2712746078903631 0.2548076923076923 0.07649131743179381 0.11298076923076923
0 0.9711538461538461 0.5012019230769231 0.052884615384615384 0.0985576923076923
0 0.9658690815408147 0.3858173076923077 0.05194934440501807 0.08413461538461539
0 0.7889914891328272 0.44350961538461536 0.056757036712710644 0.08413461538461539
0 0.9431733173045238 0.46274038461538464 0.07168362512410144 0.11298076923076923
0 0.7311523239230946 0.43509615384615385 0.07197734015895126 0.12980769230769232
0 0.872523778094574 0.3401442307692308 0.1629756530952077 0.24759615384615385
0 0.5361504239500696 0.14302884615384615 0.13847563935912505 0.22115384615384615
0 0.25728602022738356 0.3485576923076923 0.08648433566341396 0.1346153846153846
0 0.14329822801998635 0.29086538461538464 0.14905608766044479 0.2764423076923077
0 0.05398709977243481 0.4074519230769231 0.09626755744156984 0.14423076923076922
0 0.05473963723609155 0.2439903846153846 0.07480077921972578 0.15384615384615385