1 0.2772464548416585 0.13822115384615385 0.08027791448832922 0.16346153846153846
1 0.08156374857214109 0.1778846153846154 0.08276567164906415 0.1778846153846154
1 0.018756876235364994 0.3317307692307692 0.030118804117300328 0.21875
1 0.3631649804778098 0.6514423076923077 0.14820095417987267 0.2692307692307692
1 0.3369456341153895 0.4831730769230769 0.12870446676062222 0.22355769230769232
1 0.4344684240047868 0.30528846153846156 0.09021495796345419 0.21875
1 0.4990366261310779 0.24759615384615385 0.09013104695656547 0.20432692307692307
1 0.7467096984002132 0.2608173076923077 0.10223418873268496 0.21875
1 0.8743582849908182 0.30288461538461536 0.09969049090069095 0.19471153846153846
1 0.8063731133992577 0.39302884615384615 0.1024020107464624 0.24759615384615385
1 0.7992323021319426 0.6117788461538461 0.1190890821452376 0.22355769230769232
1 0.6510391418911268 0.5504807692307693 0.12420444814485548 0.2764423076923077
0 0.09611429471585003 0.6129807692307693 0.16293170479487504 0.32211538461538464
0 0.5415802308842381 0.5360576923076923 0.13395968443838796 0.3004807692307692