1 0.18550358016872734 0.16637349554357503 0.10929381118742856 0.2050006472175353
1 0.008919702795589719 0.2357168126357621 0.013391720777739381 0.2166259329638319
1 0.3715580906540899 0.7772486952104299 0.1981819930046886 0.3421340438920223
1 0.3139889310650465 0.5761557069042602 0.17313650848959922 0.2837422884055195
1 0.4013489522953814 0.350448223906817 0.12733755369444374 0.2752017991350104
1 0.4708777572409796 0.27318467182276945 0.12459803321505489 0.2559010851248216
1 0.7697999494239368 0.26146010455280605 0.13931482517298177 0.2731476768782617
1 0.9290202460021361 0.29852838307141677 0.13412949924905385 0.2513731719348073
1 0.8637685589383925 0.414358390786132 0.1447938661317592 0.3117491048986393
1 0.8888167732222961 0.6793759983342748 0.16107531842967568 0.28098871835457584
1 0.7004356281177467 0.6234395363087839 0.1742274500476127 0.3462422884055195
0 0.08415161775204963 0.760476832531337 0.1366470566906237 0.39560394116557657
0 0.5694050330877849 0.6184256227534976 0.18434634615131132 0.37536822136935133