1 0.7423968768396473 0.06325185636293924 0.09212932324378241 0.1265037127258785
1 0.9441870946684836 0.08487164404105177 0.07797196450918656 0.16974328808210354
1 0.6587843011826384 0.5896496809357383 0.16516772893494375 0.2951712779709081
1 0.6838786428911171 0.40787958349657766 0.14325341019403234 0.24684261335258656
1 0.5756154637323935 0.21804650761398964 0.10234607007520338 0.23915556309062877
1 0.5026547778193631 0.15760155480342972 0.09984432774665358 0.222300668731328
1 0.2369178964768447 0.17992315073692458 0.11196145469058792 0.23926744822013918
1 0.0996259549352254 0.22839251383244819 0.11182160301244 0.2152289866816776
1 0.17357878640795693 0.32488117330951155 0.11696493934768738 0.2729772369387406
1 0.18663131688518378 0.560290268692169 0.1336100552430181 0.24192303591538378
1 0.3468856633986747 0.4899205630294428 0.14117122289992642 0.3021031036086704
0 0.9258629572802278 0.5432756378225931 0.13907505043800583 0.35495974771090827
0 0.46357709061882413 0.4705351096802826 0.14853659820742765 0.3286293251481109