0 0.7847738538984509 0.08154784472419806 0.0774286380636754 0.1267344543486112
0 0.4405223125140493 0.17133543415496758 0.07452325052542746 0.20835332329882483
0 0.23046451981485055 0.140064493658173 0.15804442424508572 0.280128987316346
0 0.1209766145952458 0.08502881269001067 0.1890686138058762 0.17005762538002134
0 0.30101531038055573 0.1709747730603096 0.10706010375181649 0.2643691366608975
0 0.37589721212254285 0.13315465133386722 0.1213712803943378 0.2598971451948719
0 0.9675480769230769 0.20793269230769232 0.06009615384615385 0.15625
0 0.8169760112222224 0.17339654489380274 0.07843574058867539 0.17000368511784192
0 0.8793081608013892 0.164730302785042 0.12986766220416696 0.21204402267905995
0 0.7461744499643165 0.17985476633968955 0.12768761661143202 0.22160345715416677
0 0.625085935088515 0.09742017974134592 0.12489211947564136 0.19484035948269185
0 0.6451859413716883 0.23271341653226443 0.1431737461997866 0.2676122349189104
0 0.6484350692639963 0.5789791629666662 0.16050422053920954 0.2896385012854701