0 0.08916700049894087 0.08173076923076923 0.07649131743179381 0.11298076923076923
0 0.42709011863026586 0.16105769230769232 0.06842842657204401 0.20192307692307693
0 0.6332963967273747 0.1310096153846154 0.1464004857624417 0.2620192307692308
0 0.7501407742252475 0.07692307692307693 0.20220462537357192 0.15384615384615385
0 0.5640673901088037 0.15865384615384615 0.09823964410413283 0.25721153846153844
0 0.48896072926987333 0.125 0.11734453546282353 0.25
0 0.059343616382497105 0.16346153846153846 0.07260672951934379 0.1658653846153846
0 0.03155252809584143 0.15504807692307693 0.06125884740119831 0.20432692307692307
0 0.12793715034849815 0.16826923076923078 0.11907703296558446 0.21153846153846154
0 0.24568973588844428 0.09735576923076923 0.11347211413472841 0.1658653846153846
0 0.22861987012835583 0.22115384615384615 0.1342973364118252 0.25721153846153844
0 0.23453613011604493 0.5600961538461539 0.15150189310498383 0.27884615384615385