0 0.8472189086972224 0.13431075050527796 0.06747755260662394 0.1117098239256295
0 0.5460127975209403 0.21171300574795923 0.06429241436698738 0.1813374438057823
0 0.3653876302017629 0.15248856019081425 0.14423679886506427 0.3049771203816285
0 0.2596733446337608 0.10434261488567452 0.1924236123444446 0.20868522977134904
0 0.4245346415412929 0.21022618069717797 0.0943135211589745 0.23232172452486552
0 0.4898850838783121 0.17662037712620204 0.10622085164764965 0.2277238286706373
0 0.9879807692307693 0.24639423076923078 0.019230769230769232 0.13701923076923078
0 0.8767374691657588 0.21435706481615657 0.06837275485106858 0.15017136238716794
0 0.9306841322766027 0.20740336539095244 0.11482913373803427 0.18462243506417791
0 0.8131194712992523 0.2190747552502858 0.11264908814529935 0.1941958603888697
0 0.7076839314935899 0.13193669705776984 0.11030119213173087 0.196557747252023
0 0.7252402162722225 0.26630032592899744 0.12315967500512834 0.23282523601317945
0 0.7274822416395303 0.5692688598949984 0.14049014934455129 0.25475356643264474