0 0.323743855310659 0.07896083229049343 0.08718177925794225 0.11208745754186501
1 0.5463793278977241 0.13091898975650335 0.10198245571201853 0.17724305943986812
0 0.7300148330623811 0.08965772164835105 0.08983735843245455 0.15539864760178856
1 0.8305374414480524 0.4291184371821417 0.09499467993551693 0.2155787200293281
0 0.9110576923076923 0.4182692307692308 0.17307692307692307 0.35096153846153844
0 0.7227551478686404 0.28782817182323384 0.12402264096326313 0.24733223151764208
0 0.594499007833241 0.3456795036173212 0.155412492641411 0.27191616383511036
0 0.42247017098727824 0.31623710664047616 0.12867649642499265 0.22097384240672005
0 0.3245689802117319 0.22078775536741652 0.09000518044623226 0.18424480144794245
0 0.2905934751981455 0.16491186375925532 0.08733561610390489 0.1385297652341727
0 0.23301304884835616 0.18313561001339662 0.06085135290815284 0.13085667457501307
0 0.17045710817709703 0.17242928383999845 0.09953665405472802 0.16998956168763682
0 0.013207970033488472 0.20453671953038727 0.024933512278608513 0.1542657467530822