0 0.5606827295392259 0.12210133676368622 0.06539332702736408 0.08602312442894215
1 0.7262544256304998 0.17740829577440162 0.07528841499904469 0.13437982662354325
0 0.868207215217756 0.15990042237553728 0.06558911937677109 0.11967697058278827
1 0.9195604547266512 0.4246603613689203 0.07064854470512981 0.16308609091085804
0 0.9568410478629888 0.4221387362191535 0.07843347504707492 0.2618536175568089
0 0.848102372998562 0.3095812487555658 0.09242301176789333 0.1877540554640951
0 0.7457221413589712 0.34386821101485204 0.11416950849502701 0.20761432770964
0 0.6172981793097942 0.3088761653159083 0.09471497657922093 0.16859323101274543
0 0.5516399354490985 0.23002960695879485 0.06570100071928965 0.1389077398135575
0 0.5302640456690568 0.18492895009786545 0.06310136221603621 0.10518394888029185
0 0.4845280354908133 0.19441730698120244 0.04384262264963741 0.0998166983372435
0 0.4389248844068104 0.181069125403001 0.07285659850956883 0.12950218953643144
0 0.2837859038929373 0.19218268713044265 0.07519051882434105 0.11755290354662017
0 0.19846335059921363 0.1872958013072039 0.06308737704822143 0.1027801027264457
0 0.04689517639657278 0.20452389558839018 0.0826118348031014 0.15382043019257097