0 0.6356804471587609 0.14903846153846154 0.07429744008621789 0.09375
1 0.819771508358013 0.2091346153846154 0.0900073702356837 0.14903846153846154
0 0.9675480769230769 0.18870192307692307 0.06009615384615385 0.13701923076923078
0 0.9507211538461539 0.3557692307692308 0.09375 0.21153846153846154
0 0.8445123614670943 0.3942307692307692 0.13512295563408117 0.2283653846153846
0 0.7006162881389427 0.35697115384615385 0.11248123772446607 0.18509615384615385
0 0.626458723403419 0.2692307692307692 0.08050388590085497 0.15384615384615385
0 0.6012453089191242 0.21875 0.07480099134871801 0.11538461538461539
0 0.5510442903897437 0.23076923076923078 0.053054475683547014 0.11057692307692307
0 0.500227820317308 0.21634615384615385 0.08508777764743605 0.14423076923076922
0 0.32866054608883566 0.22956730769230768 0.0871559229596155 0.12980769230769232
0 0.2336526728716348 0.22716346153846154 0.07474504120844028 0.11298076923076923
0 0.06225324906399594 0.24759615384615385 0.10001440583301296 0.1658653846153846