1 0.13711093571517635 0.22393614668510406 0.10435833153023519 0.17187584206531403
1 0.25062933255166586 0.11108209029034807 0.10913805350229785 0.16712409232237696
0 0.5288399626173959 0.21166854263573096 0.0970908523974375 0.16217654360279654
0 0.5173941237285717 0.3100863785315352 0.12860657058591857 0.2082132471967824
0 0.5946248743435743 0.36386607495223405 0.16247019425698667 0.24466253745776123
0 0.2204631830573126 0.29701654054251614 0.12375692277478191 0.20094576617048876
0 0.007966737523537472 0.12989160615482515 0.015318127663223899 0.1540139815404195
0 0.06904884570063448 0.30006204206041914 0.13594397555779028 0.22993177642853063
0 0.03898059238098477 0.5028234153895103 0.07401736743819695 0.3277622153944051
0 0.40045795607166335 0.24863361749006743 0.2232516213260657 0.363150281055663
0 0.9408898004847893 0.18040792525579835 0.09792996246632522 0.30640731283356587
0 0.8677884615384616 0.3858173076923077 0.25961538461538464 0.39663461538461536