1 0.7454642171095467 0.17288412899089317 0.08013806281018149 0.1408077335159403
1 0.6437832438606959 0.08816816682875557 0.08491778478224396 0.1360839597896337
0 0.42322995856773643 0.18769427634574617 0.07527442983122977 0.13110843031917005
0 0.4407903015997868 0.2685378171797886 0.09952266888691323 0.16758571553379065
0 0.38160937489035274 0.31678866071166034 0.12614678376081329 0.19929726773141176
0 0.6825726324107324 0.23910087974057187 0.0970908523974375 0.1627360639354056
0 0.8794091150249707 0.08386671577819144 0.0776363204816317 0.12393885114832442
0 0.9016372986865654 0.188832636732081 0.07542826667719228 0.15755073801147776
0 0.8148401115435302 0.23179325611329296 0.1188513342923861 0.18474831293625638
0 0.9124677901915385 0.3933693562624683 0.16982158439667325 0.2697640734254213
0 0.5312771689804803 0.21121705981153893 0.17476912838251343 0.2938864535452685
0 0.05992133924846889 0.18854898226732075 0.11984267849693778 0.2569056568423338
0 0.15782092731371636 0.3525499082156886 0.20617296522847622 0.32087423201658294