1 0.20112505331000108 0.171875 0.06619052514321612 0.11057692307692307
0 0.975778040995456 0.22235576923076922 0.040783154898879945 0.19951923076923078
0 0.9029913456030088 0.2800480769230769 0.10071148105076808 0.18509615384615385
0 0.7707946348479732 0.17548076923076922 0.07111010258041862 0.1201923076923077
0 0.698930991773987 0.15384615384615385 0.08600869130391522 0.16105769230769232
0 0.574419647150281 0.21514423076923078 0.07611359386475441 0.13701923076923078
0 0.4130123138128686 0.24519230769230768 0.06163457437692225 0.13221153846153846
0 0.055902145620140814 0.15384615384615385 0.08125694156097799 0.1658653846153846
0 0.12224567075111971 0.13341346153846154 0.08841253745776124 0.16105769230769232
0 0.2589991743377632 0.15625 0.09090029745874026 0.16826923076923078
0 0.30812333637321854 0.27283653846153844 0.11804188721048803 0.2283653846153846
0 0.3624756020173442 0.25 0.10837056003034817 0.22355769230769232
0 0.46157873433139984 0.203125 0.08134085540811088 0.17307692307692307
0 0.6427754204818197 0.2283653846153846 0.07619750771188713 0.14423076923076922
0 0.7109214091955262 0.25961538461538464 0.10529540309943942 0.1658653846153846
0 0.5858218255765764 0.47475961538461536 0.11505064412671227 0.1778846153846154
0 0.5193409702296516 0.1971153846153846 0.08114505643146754 0.15625