1 0.7799624789453161 0.19573053703189036 0.061354861553146324 0.10957183043002143
0 0.06279117226902275 0.28331714037313027 0.093471971306852 0.18481841302286328
0 0.2021591486926585 0.18154231499946563 0.0662744389903489 0.11929911532596159
0 0.2780900871566444 0.16175103942686941 0.08120099899622278 0.16290404693685906
0 0.39988905945503644 0.227407197657318 0.07127793027468449 0.13623793868344022
0 0.560499211244687 0.26212007672024523 0.05439506463300617 0.13103859539380347
0 0.9291407968956656 0.18024239756543725 0.07882512412475425 0.16525194295042742
0 0.8608829230524487 0.16020236117873857 0.08117302771384516 0.16050020078301286
0 0.7224799558708402 0.17904449424471094 0.08366078771482403 0.1677676893848291
0 0.6634590122655962 0.29456998991906996 0.10839853131272566 0.22842334463376077
0 0.6108960666283234 0.2681566622359503 0.09875517541496356 0.22579569791880352
0 0.514127694327484 0.2199418736864312 0.07172547079272626 0.1746994771449787
0 0.3288637127870645 0.23867311141089714 0.07138981540419483 0.14585332329882483
0 0.25762858150126045 0.2679678713183224 0.09802792207314585 0.16329569791880352
0 0.36799403582972334 0.4900978301098821 0.10781113438279605 0.17794257540299155
0 0.45654727176468674 0.2116692924377133 0.07390554668755146 0.15552465805448726