1 0.14610147688881275 0.24806726982983657 0.0687342277089503 0.12455460766990015
0 0.9517946799564356 0.2931104117192066 0.08656811695146707 0.21158268266429822
0 0.8016390512534979 0.18694000974571257 0.07368177642853077 0.1367137279979699
0 0.7165262830509802 0.1701922801843359 0.08863630771678206 0.18280647359756388
0 0.5773680912451765 0.25474295115480383 0.07871323899524377 0.15608438678757813
0 0.3953322666234286 0.3068987820009768 0.059426527199719296 0.1507171362445298
0 0.009349236400140326 0.24247371003107374 0.01869847280028065 0.18805955823535603
0 0.05398695484258876 0.21350052845287232 0.08860833643440448 0.1804026274437177
0 0.21245898766098048 0.22450917301118467 0.08872022156391492 0.19001801205910226
0 0.2770682932845477 0.3511914608079174 0.11834957131664171 0.2581650417198288
0 0.33872999687853356 0.31815786893271986 0.1087062154188796 0.2554814164483045
0 0.4488182645791625 0.2536773045460553 0.07918875079566316 0.19694977140296274
0 0.6577710666283234 0.26321710873655796 0.07642127797090809 0.1656298266235433
0 0.7391521948293727 0.2908870631593716 0.10789504822992878 0.18576987798676614
0 0.6111592676149686 0.5517357301507245 0.11767826053957925 0.2004727340275211
0 0.5138479815037079 0.24097148780942088 0.08136882669048837 0.17778894695161307